-2.14748e+09 -2.14748e+09 -0.490737 0.186583
-0.490737 0.186583 -0.161921 -0.405534
-0.490737 0.186583 -0.440429 -0.289486
-2.14748e+09 -2.14748e+09 -0.440429 -0.289486
-0.440429 -0.289486 0.0240236 -0.235673
-0.440429 -0.289486 0.0459085 -0.415641
-0.440429 -0.289486 -0.161921 -0.405534
-2.14748e+09 -2.14748e+09 -0.161921 -0.405534
-0.161921 -0.405534 0.321535 0.0362958
-0.161921 -0.405534 0.0240236 -0.235673
-0.161921 -0.405534 0.0459085 -0.415641
-0.161921 -0.405534 0.48239 -0.477617
-2.14748e+09 -2.14748e+09 0.48239 -0.477617
0.48239 -0.477617 0.321535 0.0362958
0.48239 -0.477617 0.321838 0.137985
0.48239 -0.477617 0.444056 0.25025
0.48239 -0.477617 0.493217 0.492809
0.48239 -0.477617 0.49162 -0.345392
-2.14748e+09 -2.14748e+09 0.49162 -0.345392
0.49162 -0.345392 0.321535 0.0362958
0.49162 -0.345392 0.321838 0.137985
0.49162 -0.345392 0.444056 0.25025
0.49162 -0.345392 0.493217 0.492809
-2.14748e+09 -2.14748e+09 0.493217 0.492809
0.493217 0.492809 0.050543 0.475493
-2.14748e+09 -2.14748e+09 0.050543 0.475493
0.050543 0.475493 -0.352149 0.435266
-2.14748e+09 -2.14748e+09 -0.352149 0.435266
-0.352149 0.435266 -0.490737 0.186583
-0.352149 0.435266 -0.490737 0.186583
-2.14748e+09 -2.14748e+09 -0.490737 0.186583
