0.321535 0.0362958
0.0240236 -0.235673
0.0459085 -0.415641
0.321838 0.137985
0.115065 -0.105952
0.262254 -0.297029
-0.161921 -0.405534
0.190538 0.36986
0.238709 -0.0162983
0.0749589 -0.165983
0.331934 -0.182181
0.0770364 -0.249943
0.206924 -0.223297
0.0460408 -0.192357
0.050543 0.475493
-0.390059 0.279783
0.312069 -0.050633
0.0113881 0.40025
0.00964515 0.106025
-0.0359793 0.295364
0.181829 0.0014544
0.444056 0.25025
-0.0530175 -0.0655392
0.48239 -0.477617
-0.308923 -0.0635611
-0.271781 0.181081
0.429363 0.29809
-0.00479665 0.382664
0.430696 -0.299507
0.179967 -0.297347
0.493217 0.492809
-0.352149 0.435266
-0.490737 0.186583
-0.104792 -0.247073
0.437496 -0.00160628
0.00325621 -0.272919
0.0431038 0.44526
0.49162 -0.345392
0.00167509 0.153184
-0.440429 -0.289486
